Eval_AverageReturn : 1108.445068359375
Eval_StdReturn : 0.0
Eval_MaxReturn : 1108.445068359375
Eval_MinReturn : 1108.445068359375
Eval_AverageEpLen : 1000.0
Train_AverageReturn : 4681.891673935816
Train_StdReturn : 30.70862278765526
Train_MaxReturn : 4712.600296723471
Train_MinReturn : 4651.18305114816
Train_AverageEpLen : 1000.0
Training Loss : 0.03868953138589859
Train_EnvstepsSoFar : 0
TimeSinceStart : 1.7387664318084717
Initial_DataCollection_AverageReturn : 4681.891673935816